scZ:1.059322032776142E-9
scDX:1.98200000211E11
scDY:1.4294000067E10
timestep:1000.0
pathsize:2000
forceRadius
o:0#0#0#0#1.989E30#1.989E30
o:-4.6856736430753046E11#0#-248.3446441396863#9580.148557225557#5.974E24#5.974E24