scZ:1.059322032776142E-9
scDX:1.98200000211E11
scDY:1.4294000067E10
timestep:1000.0
pathsize:2000
o:x,0#y,0#vx,0#vy,0#m,1.989E30#n,1.989E30
o:x,-4.6856736430753046E11#y,0#vx,-248.3446441396863#vy,9580.148557225557#m,5.974E24#n,5.974E24