scZ:5.924170616113744E-10
scDX:5.23984000404E11
scDY:-1.78138000047E11
timestep:300.0
pathsize:3000
forceRadius
o:1.3586880940530033E9#2.3071202333956918E8#0.3388155617083618#-0.058391613874484966#1.989E30
o:-4.23483874240708E11#-1.063848976413088E11#-7468.366553024076#8687.024127880672#5.974E24
o:-2.7630906629967407E10#5.865100470438142E10#-51201.29950800823#24984.08711962883#6.0E24
o:-9.83185503693674E11#1.5322877553346628E11#6072.675948965712#-4738.012896745875#6.0E24